table 1 
10000   130.000000 
20000   583.000000 
30000   1680.000000 
40000   3098.000000 
50000   3820.000000 
60000   6986.000000 
70000   6567.000000 
80000   11132.000000 
90000   15024.000000 
100000   17114.000000 
table 2 
10000   117.000000 
20000   516.000000 
30000   1369.000000 
40000   2720.000000 
50000   3374.000000 
60000   6277.000000 
70000   7436.000000 
80000   11110.000000 
90000   13975.000000 
100000   18550.000000 
table 3 
10000   116.000000 
20000   557.000000 
30000   1751.000000 
40000   2872.000000 
50000   3472.000000 
60000   6541.000000 
70000   7432.000000 
80000   11182.000000 
90000   13905.000000 
100000   17181.000000 
