table 1 
10000   818.000000 
20000   3193.000000 
30000   6782.000000 
40000   9908.000000 
50000   16557.000000 
60000   25816.000000 
70000   33286.000000 
80000   45730.000000 
90000   58994.000000 
100000   73474.000000 
table 2 
10000   707.000000 
20000   3086.000000 
30000   6542.000000 
40000   10257.000000 
50000   16813.000000 
60000   24888.000000 
70000   33498.000000 
80000   44068.000000 
90000   56699.000000 
100000   69883.000000 
table 3 
10000   635.000000 
20000   2804.000000 
30000   6145.000000 
40000   10723.000000 
50000   17262.000000 
60000   25211.000000 
70000   34352.000000 
80000   47626.000000 
90000   60083.000000 
100000   71440.000000 
